0 99
0 98
0 97
0 96
0 95
1 95
2 95
3 95
3 96
3 97
2 97
2 96
1 96
1 97
1 98
1 99
2 99
2 98
3 98
3 99
4 99
5 99
5 98
6 98
7 98
7 97
6 97
6 96
7 96
7 95
8 95
8 94
9 94
10 94
10 95
10 96
9 96
9 97
9 98
10 98
10 99
11 99
12 99
12 98
13 98
13 99
14 99
14 98
15 98
16 98
16 99
17 99
18 99
18 98
18 97
18 96
18 95
17 95
16 95
16 94
17 94
17 93
16 93
16 92
17 92
17 91
17 90
18 90
18 89
18 88
17 88
17 89
16 89
16 88
16 87
17 87
18 87
18 86
18 85
17 85
17 86
16 86
16 85
15 85
14 85
14 86
13 86
13 87
14 87
15 87
15 88
14 88
13 88
13 89
14 89
14 90
15 90
16 90
16 91
15 91
15 92
14 92
14 93
15 93
15 94
14 94
13 94
13 95
14 95
14 96
13 96
12 96
12 95
12 94
12 93
12 92
13 92
13 91
12 91
11 91
11 90
10 90
9 90
8 90
7 90
6 90
5 90
5 89
4 89
3 89
3 90
3 91
4 91
4 92
3 92
3 93
3 94
2 94
1 94
0 94
0 93
0 92
1 92
2 92
2 91
1 91
0 91
0 90
1 90
2 90
2 89
2 88
2 87
1 87
1 86
0 86
0 85
0 84
0 83
1 83
1 84
2 84
3 84
3 85
4 85
4 86
4 87
4 88
5 88
6 88
6 89
7 89
8 89
9 89
9 88
10 88
11 88
11 89
12 89
12 88
12 87
11 87
10 87
10 86
9 86
9 85
10 85
11 85
12 85
12 84
13 84
13 83
14 83
14 82
15 82
15 81
14 81
14 80
13 80
13 79
12 79
12 78
13 78
13 77
14 77
15 77
15 78
15 79
15 80
16 80
16 81
16 82
17 82
17 83
17 84
18 84
19 84
20 84
20 83
19 83
18 83
18 82
19 82
20 82
21 82
21 81
21 80
21 79
22 79
22 78
23 78
23 79
24 79
25 79
25 78
25 77
25 76
26 76
26 77
26 78
26 79
27 79
27 80
27 81
26 81
26 80
25 80
25 81
24 81
23 81
23 82
24 82
24 83
23 83
22 83
21 83
21 84
22 84
22 85
21 85
20 85
19 85
19 86
19 87
20 87
21 87
21 86
22 86
23 86
24 86
24 85
25 85
25 86
26 86
26 85
26 84
26 83
25 83
25 82
26 82
27 82
27 83
27 84
27 85
27 86
27 87
26 87
26 88
26 89
26 90
27 90
27 91
26 91
25 91
25 90
24 90
24 91
23 91
23 92
24 92
24 93
25 93
25 92
26 92
26 93
27 93
27 94
27 95
27 96
28 96
29 96
29 95
30 95
31 95
31 94
31 93
31 92
31 91
30 91
29 91
29 90
29 89
30 89
31 89
32 89
32 88
33 88
34 88
35 88
35 89
36 89
36 88
37 88
37 89
37 90
36 90
36 91
36 92
37 92
37 91
38 91
39 91
39 92
39 93
40 93
40 94
39 94
39 95
39 96
40 96
40 97
40 98
40 99
41 99
41 98
42 98
42 99
43 99
44 99
45 99
46 99
47 99
48 99
49 99
49 98
49 97
49 96
48 96
48 97
47 97
47 96
46 96
45 96
45 97
45 98
44 98
43 98
43 97
44 97
44 96
44 95
43 95
43 96
42 96
42 95
42 94
43 94
43 93
43 92
43 91
43 90
43 89
44 89
45 89
45 88
44 88
43 88
43 87
43 86
43 85
43 84
43 83
42 83
41 83
41 82
41 81
41 80
41 79
42 79
42 78
42 77
42 76
42 75
41 75
41 76
41 77
40 77
40 76
39 76
39 75
39 74
39 73
39 72
40 72
40 73
41 73
41 74
42 74
42 73
43 73
44 73
45 73
45 74
45 75
45 76
45 77
46 77
47 77
47 76
48 76
48 77
49 77
50 77
50 78
51 78
52 78
52 79
53 79
53 78
54 78
55 78
55 79
56 79
56 78
57 78
58 78
58 77
58 76
59 76
60 76
61 76
61 77
61 78
60 78
60 79
61 79
62 79
63 79
64 79
64 78
65 78
65 79
65 80
64 80
64 81
63 81
63 82
64 82
65 82
66 82
66 81
66 80
66 79
66 78
67 78
67 79
68 79
68 78
68 77
67 77
67 76
66 76
65 76
65 75
64 75
64 74
64 73
64 72
63 72
63 73
62 73
62 72
61 72
61 71
60 71
59 71
58 71
58 70
57 70
57 69
56 69
56 68
56 67
55 67
55 66
55 65
56 65
56 66
57 66
57 65
58 65
59 65
60 65
60 66
61 66
62 66
62 65
62 64
61 64
61 63
61 62
62 62
62 63
63 63
63 62
63 61
64 61
65 61
65 62
65 63
66 63
66 64
65 64
64 64
63 64
63 65
64 65
64 66
65 66
66 66
66 67
66 68
66 69
66 70
67 70
67 71
66 71
66 72
65 72
65 73
66 73
66 74
67 74
68 74
69 74
69 75
69 76
69 77
69 78
69 79
69 80
70 80
71 80
71 81
72 81
72 82
71 82
70 82
69 82
69 81
68 81
68 80
67 80
67 81
67 82
68 82
68 83
68 84
69 84
70 84
71 84
71 83
72 83
73 83
74 83
74 84
73 84
73 85
74 85
75 85
75 84
76 84
76 85
77 85
77 84
77 83
78 83
78 82
77 82
77 81
76 81
76 82
75 82
74 82
74 81
73 81
73 80
72 80
72 79
71 79
70 79
70 78
71 78
71 77
70 77
70 76
71 76
71 75
71 74
72 74
72 75
72 76
72 77
73 77
73 76
74 76
75 76
76 76
76 75
77 75
77 76
78 76
79 76
80 76
80 75
79 75
79 74
80 74
81 74
82 74
82 73
81 73
81 72
80 72
79 72
78 72
78 73
78 74
77 74
77 73
76 73
76 72
77 72
77 71
78 71
79 71
79 70
79 69
80 69
80 70
80 71
81 71
81 70
81 69
81 68
81 67
82 67
82 68
82 69
83 69
84 69
84 70
84 71
84 72
84 73
83 73
83 74
84 74
85 74
86 74
87 74
87 75
86 75
85 75
85 76
85 77
85 78
84 78
83 78
83 79
82 79
81 79
81 80
80 80
80 81
80 82
80 83
81 83
81 84
82 84
82 85
83 85
83 86
84 86
84 87
83 87
83 88
82 88
82 87
82 86
81 86
80 86
80 87
81 87
81 88
81 89
80 89
79 89
79 90
79 91
79 92
80 92
81 92
82 92
83 92
83 91
82 91
81 91
80 91
80 90
81 90
82 90
83 90
83 89
84 89
84 88
85 88
86 88
86 87
87 87
88 87
89 87
90 87
90 86
90 85
91 85
91 86
91 87
92 87
92 88
93 88
94 88
95 88
96 88
96 87
97 87
98 87
98 86
98 85
99 85
99 84
98 84
97 84
96 84
96 83
97 83
97 82
98 82
98 81
99 81
99 80
99 79
98 79
97 79
97 78
97 77
96 77
95 77
95 78
96 78
96 79
95 79
95 80
94 80
94 79
94 78
94 77
93 77
93 78
92 78
92 77
92 76
92 75
93 75
93 76
94 76
94 75
95 75
95 76
96 76
97 76
98 76
98 75
99 75
99 74
99 73
99 72
99 71
99 70
98 70
98 69
97 69
96 69
96 68
97 68
98 68
98 67
97 67
97 66
96 66
96 67
95 67
94 67
94 68
95 68
95 69
95 70
95 71
95 72
96 72
97 72
98 72
98 73
97 73
96 73
95 73
95 74
94 74
94 73
93 73
93 74
92 74
91 74
91 75
90 75
90 74
89 74
89 73
90 73
90 72
89 72
88 72
88 73
87 73
87 72
87 71
87 70
88 70
88 71
89 71
90 71
90 70
90 69
89 69
88 69
87 69
86 69
85 69
85 68
84 68
84 67
83 67
83 66
82 66
82 65
82 64
81 64
80 64
80 63
81 63
81 62
80 62
79 62
78 62
78 63
79 63
79 64
78 64
78 65
77 65
77 66
77 67
77 68
77 69
76 69
76 70
75 70
75 69
74 69
74 68
74 67
75 67
76 67
76 66
75 66
75 65
75 64
75 63
75 62
74 62
73 62
73 63
73 64
74 64
74 65
74 66
73 66
73 67
72 67
72 68
73 68
73 69
72 69
71 69
70 69
70 70
70 71
70 72
70 73
69 73
69 72
69 71
69 70
69 69
69 68
69 67
68 67
67 67
67 66
67 65
68 65
68 64
68 63
67 63
67 62
68 62
68 61
67 61
66 61
66 60
66 59
67 59
67 58
67 57
66 57
66 56
67 56
67 55
67 54
68 54
69 54
70 54
70 55
70 56
71 56
72 56
73 56
74 56
74 57
73 57
73 58
74 58
75 58
75 57
75 56
75 55
74 55
73 55
72 55
72 54
73 54
74 54
75 54
76 54
77 54
78 54
79 54
79 55
78 55
77 55
76 55
76 56
76 57
77 57
78 57
78 58
79 58
79 59
79 60
80 60
81 60
81 61
82 61
83 61
83 62
84 62
84 61
85 61
86 61
87 61
87 62
87 63
88 63
88 62
88 61
89 61
89 60
90 60
90 59
91 59
91 60
91 61
90 61
90 62
91 62
92 62
92 61
92 60
93 60
93 59
93 58
94 58
94 57
94 56
94 55
95 55
95 56
96 56
96 55
97 55
98 55
98 54
99 54
99 53
99 52
99 51
99 50
98 50
98 51
98 52
98 53
97 53
96 53
96 54
95 54
95 53
95 52
96 52
96 51
97 51
97 50
97 49
98 49
98 48
97 48
97 47
98 47
98 46
99 46
99 45
98 45
97 45
97 44
98 44
98 43
98 42
98 41
99 41
99 40
98 40
98 39
97 39
96 39
96 38
97 38
97 37
97 36
98 36
99 36
99 35
98 35
98 34
98 33
98 32
99 32
99 31
98 31
98 30
99 30
99 29
98 29
98 28
99 28
99 27
99 26
99 25
99 24
99 23
99 22
99 21
99 20
99 19
98 19
98 20
98 21
97 21
97 20
96 20
96 21
96 22
95 22
95 21
95 20
94 20
94 21
93 21
93 22
93 23
92 23
92 24
92 25
93 25
93 26
92 26
91 26
91 25
91 24
91 23
91 22
91 21
92 21
92 20
91 20
91 19
91 18
91 17
91 16
90 16
90 17
89 17
89 16
89 15
90 15
91 15
91 14
90 14
90 13
91 13
92 13
92 14
93 14
93 13
93 12
92 12
91 12
91 11
92 11
93 11
94 11
95 11
95 10
96 10
96 11
96 12
96 13
95 13
94 13
94 14
95 14
96 14
96 15
95 15
95 16
95 17
96 17
96 16
97 16
97 17
97 18
98 18
98 17
99 17
99 16
98 16
98 15
99 15
99 14
98 14
97 14
97 13
97 12
98 12
99 12
99 11
98 11
98 10
99 10
99 9
99 8
99 7
99 6
98 6
98 5
98 4
97 4
97 3
97 2
96 2
95 2
95 3
94 3
93 3
93 4
93 5
92 5
92 4
92 3
91 3
91 4
91 5
90 5
90 6
91 6
91 7
92 7
92 6
93 6
94 6
95 6
96 6
97 6
97 7
97 8
96 8
96 7
95 7
95 8
95 9
94 9
93 9
93 10
92 10
91 10
90 10
90 11
89 11
89 12
88 12
88 13
89 13
89 14
88 14
87 14
86 14
86 15
85 15
85 14
85 13
86 13
86 12
87 12
87 11
86 11
85 11
84 11
84 10
83 10
82 10
82 11
82 12
82 13
83 13
83 12
84 12
84 13
84 14
84 15
83 15
83 14
82 14
82 15
81 15
81 16
80 16
79 16
78 16
78 15
79 15
79 14
78 14
77 14
77 15
77 16
77 17
76 17
76 16
75 16
75 15
74 15
74 14
74 13
75 13
76 13
76 12
76 11
77 11
77 12
78 12
78 13
79 13
79 12
80 12
81 12
81 11
81 10
80 10
79 10
78 10
77 10
76 10
76 9
77 9
78 9
79 9
79 8
79 7
78 7
77 7
77 8
76 8
76 7
76 6
75 6
75 7
75 8
74 8
73 8
73 9
73 10
72 10
71 10
71 9
70 9
70 8
70 7
69 7
69 6
68 6
68 7
67 7
67 6
67 5
67 4
67 3
67 2
67 1
66 1
65 1
65 0
66 0
67 0
68 0
69 0
70 0
71 0
72 0
72 1
72 2
71 2
70 2
69 2
69 3
70 3
71 3
72 3
73 3
73 4
74 4
75 4
75 5
76 5
77 5
78 5
78 4
77 4
76 4
76 3
76 2
77 2
78 2
78 1
78 0
79 0
79 1
79 2
79 3
79 4
80 4
80 3
81 3
81 2
82 2
82 3
82 4
82 5
83 5
83 4
83 3
83 2
84 2
84 3
84 4
84 5
85 5
85 6
84 6
84 7
83 7
82 7
82 6
81 6
81 7
81 8
82 8
82 9
83 9
83 8
84 8
85 8
85 9
85 10
86 10
87 10
87 9
87 8
86 8
86 7
86 6
87 6
87 7
88 7
88 8
89 8
90 8
90 7
89 7
89 6
88 6
88 5
88 4
88 3
88 2
87 2
87 1
88 1
88 0
89 0
90 0
91 0
91 1
91 2
92 2
93 2
93 1
93 0
94 0
95 0
96 0
97 0
97 1
98 1
99 1
99 0
